5 0.36 0.49
6 0.78 0.86
4 0.13 0.09
3 0.03 0.77
6 0.82 0.99
7 0.93 0.61
3 0.75 0.06
7 0.56 0.56
5 0.32 0.03
3 0.56 0.04
2 0.22 0.09
2 0.1 0.09
3 0.39 0.46
8 0.77 0.71
4 0 0.96
7 0.7 0.05
3 0.46 0.3
4 0.58 0.26
2 0.43 0.46
2 0.61 0.29
6 0.98 0.88
6 0.72 0.72
2 0.47 1
5 0.98 0.87
3 0.14 0.94
3 0.17 0.54
3 0.09 0.19
4 0.34 0.15
4 0.21 0.76
6 0.69 0.96
4 0.47 0.01
5 0.7 0.39
6 0.57 0.21
4 0.36 0.92
4 0.98 0.21
3 0.3 0.17
2 0.28 0.23
4 0.13 0.38
6 0.22 0.61
2 0.27 0.29
8 0.75 0.58
4 0.46 0.52
1 0.38 0.66
2 0.2 0.63
7 0.58 0.72
4 0.34 0.27
7 0.62 0.06
6 0.59 0.11
3 0.73 0.67
6 0.76 0.55
6 0.33 0.15
2 0.05 0.41
