0 0.1 0.11 0.9 1 0.3 1
0 0.12 0.38 0.5 0.4 0.6 0
0 0.22 0.05 0.9 0.5 0.7 0
1 0.02 0.16 0.8 1 0.4 0
1 0.02 0.06 0.9 0.4 0.4 0
1 0.18 0.17 0.9 0.7 0.5 0
1 0.06 0.3 0.8 0.8 0.5 0
1 0.04 0.01 0.6 0.7 0.4 0
1 0.03 0.07 0.8 0.6 0.6 0
0 0.21 0.41 0.4 0.7 0.3 1
1 0.03 0.04 1 0.5 0.2 0
1 0.04 0.06 0.9 0.8 0.1 1
0 0.05 0.32 0.1 0.4 0 0
1 0.02 0.1 0.8 0.3 0.9 0
1 0.04 0.37 0.6 0.3 0.6 0
1 0.16 0.39 0.9 0.7 0.3 0
0 0.14 0.3 0.7 0.2 0.6 1
0 0.17 0.17 1 0.5 0.7 1
0 0.22 0.1 0.9 0.9 0.9 0
0 0.13 0.09 0.5 0.7 0.6 1
1 0.01 0.07 0.6 0.8 0.7 0
0 0.1 0.14 0.6 0.8 0.7 1
0 0.22 0.37 0.7 0.9 0.8 0
1 0.17 0.05 0.9 0.9 0.8 0
1 0.04 0.41 0.9 0.5 0.3 0
0 0.01 0.05 0.9 1 0.2 1
0 0.02 0.18 1 0.6 0.7 1
0 0.11 0.49 0.7 1 0.6 1
0 0.05 0.27 0.3 0.6 0.2 1
0 0.05 0.41 0.6 0.9 0.4 0
1 0.05 0.31 1 1 0.3 0
0 0.12 0.3 0.8 0.8 0.6 0
1 0.06 0.14 0.5 0.6 1 0
1 0.03 0.03 0.9 1 0.2 0
1 0.02 0.34 0.7 0.7 0.2 0
1 0.06 0.03 0.9 0.3 0.5 0
1 0.03 0.12 0.8 0.6 0.6 0
0 0.16 0 0.9 0.3 0.7 1
1 0.01 0.15 0.4 0.6 0.4 0
1 0.01 0.02 0.4 0.7 0.6 0
1 0.16 0.13 0.4 1 0.2 0
0 0.06 0.16 0.9 1 0.3 1
1 0.03 0.02 0.7 0.9 0.7 1
0 0.02 0.13 0.9 0.8 0.3 1
0 0.14 0.48 1 0.3 0.2 1
1 0.11 0.14 0.8 0.8 0.7 0
1 0.02 0.08 0.5 0.5 0.4 0
0 0.15 0.05 0.5 0.8 0.6 1
1 0.02 0.53 0.8 0.5 0.5 0
0 0.02 0.73 0.5 0.6 0.5 0
0 0.32 0.12 1 0.2 0.4 0
1 0.1 0.11 0.4 0.7 0.8 0
0 0.29 0.2 0.7 0.2 0.6 1
1 0.03 0.1 1 0.7 0.7 0
1 0.1 0.04 0.5 0.6 0.8 0
0 0.11 0.14 0.7 0.8 0.9 0
1 0.16 0.08 0.4 0.4 0.4 0
1 0.09 0.24 0.7 0.8 0.8 0
1 0.4 0.04 1 0.8 0.7 0
1 0.07 0.42 1 0.8 0.9 0
1 0 0.01 0.7 0.6 0.2 0
1 0.11 0.27 0.6 0.8 0.7 0
0 0.04 0.51 0.2 1 0.4 1
1 0.07 0.14 0.9 0.2 0.9 0
1 0.06 0.17 0.6 0.4 0.6 0
0 0.02 0.35 0.8 0.4 0.5 1
1 0.19 0.19 0.6 0.6 0.3 0
1 0.05 0.3 0.9 0.5 0.6 0
0 0.14 0.02 0.6 0.9 0.9 1
0 0.13 0.05 0.8 0.7 0.4 1
0 0.28 0.33 1 0.6 0.4 0
0 0.08 0.39 0.7 0.5 0.4 0
1 0.11 0.45 1 0.8 0.5 0
0 0.02 0.12 0.9 0.5 0.4 1
0 0.02 0.76 0.8 0.5 0.2 0
0 0.02 0.29 0.9 0.6 0.7 1
1 0.09 0.02 1 0.5 0.3 0
1 0.06 0.04 0.7 0.5 0.5 0
1 0.31 0.73 0.9 0.7 0.8 0
1 0.01 0.23 0.6 0.7 0.6 0
0 0.03 0.18 0.6 0.9 0.4 1
0 0.09 0.68 0.9 0.5 1 1
0 0.06 0.72 0.7 0.8 0.8 0
1 0.03 0.07 0.7 0.6 0.7 0
1 0.09 0.48 0.8 0.3 0.9 0
0 0 0.04 0.9 0.2 0.3 0
0 0.03 0.29 0.8 0.6 0.4 1
1 0 0 0.6 0.3 0.2 0
0 0.05 0.62 1 0.4 0.7 0
0 0.08 0.2 0.9 0.6 0.6 1
1 0.05 0.34 0.9 0.8 0.2 0
0 0.26 0.19 0.7 1 0.1 1
1 0.02 0.26 0.9 0.9 0.5 0
0 0.12 0.21 0.9 0.4 0.5 0
1 0.15 0.08 0.5 0.5 0.3 0
1 0.01 0.01 0.6 0.3 0.3 0
0 0.11 0.26 0.8 0.9 0.7 1
0 0 0.01 0.8 0.5 0.1 0
0 0.05 0.15 1 0.2 0.2 0
1 0.14 0.3 0.8 0.9 0.4 0
0 0.01 0.28 0.6 0.9 0.1 0
1 0.03 0.43 1 0.9 0.6 0
0 0.12 0.16 0.9 0.3 0.3 1
1 0.05 0.14 0.4 1 0.5 0
0 0.13 0.14 0.6 0.9 0 1
0 0.11 0.37 0.9 0.7 0.9 1
1 0.03 0.07 1 0.8 0.2 0
1 0.09 0.05 0.7 0.8 0.8 0
1 0.04 0.12 0.3 0.5 0.2 0
0 0.07 0.34 0.7 0.7 0.5 1
1 0.11 0.01 0.8 0.8 0.7 0
0 0.19 0.08 0.7 0.9 0.5 1
1 0.05 0.26 0.5 0.9 0.8 0
1 0 0.24 0.5 1 0.4 0
0 0.22 0.04 0.5 0.9 0.3 1
1 0.02 0.16 0.5 0.7 0.4 0
1 0.09 0.31 0.8 0.6 0.3 0
1 0.01 0.11 0.3 0.3 0.3 0
1 0 0.63 0.2 0.5 0.5 0
1 0.06 0.39 0.4 0.9 0.7 0
0 0.04 0.05 0.6 0.8 0.9 1
1 0.03 0.09 0.6 0.8 0.8 0
1 0.05 0.09 0.9 0.4 0.7 0
1 0.11 0.09 0.8 0.8 0.9 1
0 0.1 0.39 0.8 0.3 0.2 1
1 0.09 0.15 0.4 0.7 0.6 0
1 0.04 0.1 0.7 0.7 0.5 0
0 0.06 0.62 0.9 0.9 0.1 1
0 0.29 0.26 1 0.7 0.6 1
0 0.18 0.34 0.8 0.8 0.5 1
0 0 0.09 0.6 0.3 0.2 1
0 0.08 0.04 0.8 0.9 0.7 0
0 0.09 0.09 0.5 0.8 0.6 1
1 0.02 0.16 0.4 0.8 0.7 0
1 0.06 0.09 0.8 0.9 0.1 1
1 0.02 0.01 0.9 0.2 0.2 0
0 0.15 0.46 0.5 0.8 0.6 0
0 0.03 0.01 0.8 1 0.8 1
1 0.08 0.01 0.9 0.5 0.4 1
0 0.06 0.32 0.7 0.7 0.2 1
0 0.14 0.12 0.5 0.2 1 1
0 0.24 0.3 0.9 0.6 0.7 1
0 0.21 0.04 0.5 1 0.9 0
0 0.04 0.43 0.7 0.8 0.4 0
0 0.01 0.06 0.3 0.7 0.2 1
0 0.05 0.46 0.4 0.7 0.2 0
1 0.01 0.06 1 0.9 0.8 0
0 0.06 0 0.9 0.1 0.3 1
1 0 0.06 0.9 0.5 0.7 0
0 0.04 0.01 0.2 0.5 0.7 1
1 0.03 0.16 0.9 0.6 0.6 0
1 0.04 0.08 0.7 0.5 0.2 0
1 0.08 0.15 0.9 0.8 0.3 0
1 0.06 0.16 0.8 0.7 0.7 1
0 0.22 0.56 0.7 0.7 0.6 0
1 0.07 0.39 0.3 0.4 0.3 0
1 0.19 0.13 0.9 0.8 0.4 1
0 0.08 0.24 0.5 0.6 0.7 0
0 0.2 0.06 0.1 0.6 0.7 1
1 0 0.07 0.4 0.7 0.1 0
1 0.29 0.05 0.9 0.9 1 0
1 0.09 0.11 0.9 0.7 0.2 0
1 0.04 0.2 0.8 0.9 0.6 0
1 0.24 0.42 0.9 0.4 0.2 0
0 0.07 0.31 0.1 0.6 0.8 1
1 0.17 0.03 0.6 0.6 0.1 0
0 0.05 0.01 0.2 0.7 0.2 1
1 0.43 0.03 0.9 0.5 0.8 0
0 0.01 0.51 0.8 1 0.6 0
1 0.05 0.16 0.6 0.7 0.2 0
1 0.23 0.04 0.4 0.6 0.6 0
0 0.04 0.14 0.8 0.5 0.5 1
1 0.15 0.06 1 0.4 0 0
1 0.2 0.19 0.4 0.5 0.8 0
0 0.07 0.33 0.3 0.5 0.6 1
0 0.07 0.37 0.8 0.7 0.5 1
0 0.04 0.17 0.5 1 0.8 1
0 0.48 0.51 0.9 0.9 0.3 1
0 0.05 0.05 0.9 0.5 0.9 1
0 0.08 0.22 1 0.7 0.6 1
1 0.22 0.3 0.4 0.5 0.6 0
1 0.15 0.27 0.6 0.8 0.9 0
1 0.11 0.28 0.3 0.8 0.3 0
0 0.06 0.02 0.6 0.9 0.5 1
0 0.04 0.23 0.9 0.4 0 0
0 0.11 0.28 0.8 0.7 0.5 1
1 0.06 0.32 0.6 0.8 0.2 0
1 0.23 0.22 1 0.9 0.5 0
1 0.19 0.37 0.8 0.6 0.5 0
0 0.25 0.35 0.7 0.8 0.2 1
1 0.06 0.15 0.8 0.4 0.7 0
0 0.04 0.14 0.2 0.7 0.7 0
0 0.03 0.1 0.8 0.4 0.5 1
1 0.2 0 0.7 0.9 0.3 1
1 0.09 0.44 0.3 0.2 0.6 0
1 0.08 0.2 1 0.6 0.4 0
0 0.03 0.1 0.7 0.9 0.4 0
0 0.07 0.27 0.7 0.8 0.4 0
1 0.03 0.06 0.9 0.8 0.7 0
1 0 0.13 0.8 0.8 0.4 0
1 0.07 0.04 0.5 0.9 0.5 1
0 0.02 0.58 0.5 0.6 0.2 0
1 0.04 0.37 0.7 0.7 0.3 0
1 0.07 0.53 0.5 0.9 0.3 0
0 0.28 0.52 0.5 0.7 0.9 0
1 0.04 0.24 0.6 1 0.7 0
0 0.03 0.6 1 0.6 0.7 1
1 0.01 0.13 0.8 0.4 0.9 0
0 0.22 0.21 1 0.9 0.4 1
0 0.03 0.15 0.5 0.9 0.6 1
0 0.13 0 0.8 0.5 0.2 1
1 0.06 0.09 0.6 0.3 0.7 0
0 0.13 0.3 0.7 0.6 0.4 0
0 0.25 0.13 1 0.9 0.6 0
0 0.08 0.05 0.9 0.8 0.9 1
1 0.12 0.02 0.2 1 0.5 0
0 0.03 0.7 0.7 0.5 0.6 0
0 0 0.19 0.6 0.8 0.4 1
1 0.05 0.13 0.9 0.5 0.6 0
0 0.07 0.17 0.8 0.7 0.7 0
0 0.16 0.03 1 1 0.3 0
0 0.09 0.3 0.7 0.4 0.8 0
1 0.01 0.05 0.7 0.7 0.3 0
1 0.06 0.17 0.6 0.2 0.6 0
1 0.13 0.21 0.4 0.8 0.1 0
1 0.03 0.01 0.7 0.9 0.8 0
0 0.04 0.12 0.7 0.6 0.6 1
0 0.29 0.55 0.7 0.5 0.3 0
1 0.01 0.18 0.3 0.7 0.3 0
0 0.13 0.6 0.6 0.2 0.6 0
0 0.04 0.02 0.4 0.8 0.4 1
0 0.02 0.19 1 0.8 0.3 1
0 0.05 0.27 0.4 0.2 0.3 0
1 0.14 0.09 1 0.7 0.3 1
1 0.14 0.22 0.9 0.6 0.3 0
0 0.15 0.43 0.1 0.5 0.4 0
0 0.1 0.03 0.5 0.7 1 1
0 0.02 0.14 0.6 0.8 0.4 1
1 0.07 0.29 0.9 1 0.2 0
1 0.17 0.03 0.7 0.5 0.9 0
1 0.01 0.02 0.7 0.9 0.2 0
1 0.09 0.26 0.3 0.4 0.6 0
0 0.04 0.09 0.7 0.5 0.2 1
0 0.09 0.13 0.3 0.9 0.4 1
1 0.04 0.09 0.1 0.7 0.5 0
0 0.01 0.13 0.5 0.5 0.5 1
0 0 0.33 0.5 0.6 0.8 0
1 0.15 0.05 0.7 0.6 0.5 0
0 0.19 0.31 0.9 0.9 0.5 0
1 0.04 0.05 0.8 0.8 0.6 0
1 0.23 0.15 0.5 0.8 0.7 0
1 0.12 0.18 0.8 0.4 0 0
1 0.03 0.21 0.2 0.6 0.5 0
1 0.1 0.08 0.4 0.5 0.4 0
1 0.05 0.12 0.8 0.9 0.3 0
0 0.18 0.33 0.7 0.3 0.2 1
1 0.08 0.58 1 0.6 0.4 1
0 0.19 0.3 0.3 0.7 0.1 1
1 0.16 0.09 0.9 0.7 0.9 0
0 0.01 0.11 0.8 0.4 0.3 0
0 0.12 0.17 0.5 0.7 0 1
0 0.08 0.16 0.9 0.7 0.4 1
0 0.01 0.46 0.7 0.4 0.7 1
1 0.11 0.4 0.7 0.7 0.7 0
0 0.24 0.26 0.1 0.8 0.5 1
1 0.03 0.06 0.7 0.4 0.9 0
1 0.02 0.23 0.6 0.5 0.4 0
0 0.08 0.43 0.7 0.3 0.7 0
1 0.02 0.23 0.9 0.3 0.4 0
1 0.1 0.07 1 0.7 0.8 0
1 0.02 0.34 0.9 0.5 0.7 0
1 0.05 0.01 0.7 0.3 0.9 0
1 0.03 0.22 0.3 0.6 1 0
0 0.1 0.17 0.8 0.7 0.1 1
0 0 0.01 0.7 0.7 0.3 1
1 0.07 0.35 0.6 0.6 0.7 0
0 0.07 0.29 0.4 0.5 0.1 0
1 0.25 0.13 0.6 0.9 0.8 0
0 0.15 0.29 0.6 0.5 0.8 0
0 0.08 0.02 0.2 0.5 0.3 1
1 0.03 0.34 0.9 0.4 0.6 1
1 0.06 0.23 0.6 0.2 0.3 0
1 0.01 0.43 0.7 0.4 0.7 0
0 0.09 0.04 0.7 0.9 0 0
1 0.04 0.11 0.5 0.2 0.8 0
0 0.4 0.35 0.7 0.9 0.4 1
0 0.01 0.02 0.5 0.5 0.3 0
1 0.03 0.35 0.9 0.7 0.4 0
0 0.06 0.27 0.3 1 0.2 1
0 0.19 0.38 0.4 0.5 0.4 1
1 0.05 0.28 0.6 0.2 0.6 0
0 0.02 0.23 0.8 0.5 0.7 1
0 0.04 0.18 0.9 0.9 0.5 0
1 0.08 0.03 0.5 0.2 0.4 0
1 0.01 0.34 0.7 0.4 0.5 0
1 0.22 0.01 0.9 0.3 0.8 0
1 0.06 0.06 1 0.6 0.7 0
1 0.01 0.01 0.9 0.2 0.8 1
1 0.19 0.08 0.9 0.9 0.3 0
1 0.06 0.07 0.2 0.8 0.3 0
1 0.14 0.43 0.3 0.2 0.8 0
1 0.07 0.04 0.2 0.9 0.9 0
0 0.01 0.38 0.6 0.8 0.6 0
0 0.17 0.36 0.5 0.5 0.5 0
0 0.05 0.11 0.4 0.4 0.7 1
1 0.21 0.09 0.7 0.9 0.5 0
1 0.15 0.23 0.9 0.8 0.7 1
1 0.19 0.02 1 0.4 0.8 0
1 0.02 0.07 0.7 0.6 0.5 0
1 0.03 0.06 1 0.8 0.3 1
1 0.24 0.42 0.9 0.8 0.7 0
0 0.12 0.15 0.6 0.7 0.7 1
0 0.08 0.57 0.6 0.5 0.6 0
0 0.3 0.01 0.3 0.4 0.4 0
1 0.05 0.36 0.4 0.9 0.3 0
0 0.05 0.37 0.2 0.5 0.7 0
0 0.12 0.25 0.6 0.7 0.8 1
1 0.17 0.11 0.4 0.4 0.6 0
1 0.06 0.19 0.6 0.9 0.2 0
0 0.11 0.61 0.9 0.8 0.5 0
1 0.01 0.05 0.6 0.1 0.3 0
1 0.07 0.06 0.8 1 0.4 0
1 0.03 0.21 0.8 0.7 0.7 0
0 0.22 0.38 0.2 0.7 0.5 1
0 0.18 0.46 0.6 0.8 0.3 1
1 0.11 0.14 1 0.7 0.5 0
1 0.04 0.15 1 0.8 0.3 0
1 0.01 0.37 0.6 0.9 0.3 0
1 0 0.06 0.6 1 0.1 0
1 0.04 0.27 0.9 0.1 0.5 1
0 0.09 0.2 0.7 0.7 0.6 1
1 0.03 0.16 1 0.8 0.5 0
1 0.08 0.24 1 0.6 0.3 0
0 0.23 0.06 0.5 0.6 0.3 1
1 0.03 0.13 0.3 0.8 0.2 0
0 0.05 0.56 0.2 0.9 0.2 1
1 0 0.38 0.7 0.7 0.2 1
1 0.16 0.09 0.7 0.4 0.6 0
1 0.01 0.02 0.7 0.4 0.3 0
0 0.12 0.06 1 0.9 0.3 1
1 0.22 0.04 0.5 0.9 0.5 0
0 0.06 0.03 0.3 0.6 0.9 1
0 0.3 0.02 0.5 0.7 0.1 1
0 0.08 0.1 0.4 0 0.3 1
1 0.01 0.27 0.9 0.8 0.3 0
0 0.1 0.34 0.9 0.8 0.8 1
0 0.07 0.28 0.8 0.8 0.4 1
0 0.1 0.24 0.9 0.5 0.6 1
0 0.03 0.62 0.9 0.8 0.6 0
0 0.36 0.12 0.4 0.8 0.3 0
0 0.25 0.19 0.4 0.8 0.8 0
0 0.02 0.26 0.7 0.7 0.2 1
1 0.02 0.17 0.2 0.8 0.7 0
1 0.12 0.07 0.4 0.8 0.6 0
1 0.03 0.23 0.9 0.3 0.5 0
0 0.27 0.32 0.4 0.5 0.8 1
0 0.36 0.35 1 0.3 0.7 0
1 0.2 0.22 0.2 0.1 0.4 0
1 0.02 0.02 0.8 0.9 0.3 0
0 0.01 0.47 0.7 1 0.2 0
1 0.03 0.06 0.5 0.7 0.8 0
1 0 0.3 0.3 0.7 0.4 0
1 0.01 0.13 0.4 0.2 0.5 1
0 0.05 0.05 0.8 1 0.3 1
1 0.02 0.29 0.8 0.6 0.6 0
0 0.02 0.04 0.7 0.8 0.3 1
0 0.26 0.02 0.5 0.4 0.5 0
1 0.05 0.27 0.5 0.7 0.7 0
0 0.03 0.05 0.5 0.8 0.6 1
1 0.08 0.14 0.9 0.9 0.8 0
0 0.02 0.09 0.9 0.9 0.5 1
1 0.09 0.36 0.6 0.7 0.2 0
1 0.08 0.18 0.2 0.9 0.9 0
0 0.24 0.2 0.5 0.8 0.4 1
0 0.14 0.03 0.4 0.4 0.7 1
0 0.11 0.57 0.5 0.9 0.7 0
0 0.11 0.06 0.1 0.7 0.3 0
0 0.07 0.05 0.5 0.8 0.7 1
1 0.32 0.36 0.7 0.2 0.3 0
0 0.02 0.52 0.8 0.9 0.7 1
1 0.03 0.53 1 0.4 0.8 0
0 0.08 0.06 0.7 0.5 0.6 1
0 0.27 0.46 0.6 1 0.7 1
0 0.27 0.08 0.7 0.4 0.3 0
1 0.01 0.53 0.9 1 0.8 0
1 0.01 0.01 0.9 0.6 0.6 1
1 0.04 0.07 0.5 0.5 0.5 0
1 0.01 0.07 0.9 0.3 0.2 0
0 0.09 0.15 0.7 0.6 0.3 1
1 0.06 0.01 0.9 0.4 0.3 0
0 0.06 0.31 0.5 0.6 0.6 0
0 0.11 0.03 0.7 0.4 0.4 0
0 0.24 0.02 0.7 0.6 0.6 1
0 0.01 0.1 0.7 0.2 0.6 1
1 0 0.03 1 0.3 0.4 0
1 0.14 0.2 0.8 0.4 0.7 0
0 0.22 0.38 0.7 0.8 0.6 1
1 0.25 0.09 1 0.9 1 0
0 0.03 0.1 0.9 0.2 0.4 1
1 0.02 0.22 0.9 0.7 0.8 0
0 0.03 0.27 0.7 0.2 0.4 1
1 0.03 0.06 0.7 0.3 0.1 0
1 0.05 0.2 0.4 0.6 0.6 0
0 0.01 0.14 0.6 0.2 0.2 0
1 0.02 0.19 0.4 0.6 0.6 0
1 0.01 0.21 0.4 0.9 0.4 0
1 0.11 0.26 0.9 0.7 0.5 0
0 0.04 0.22 0.2 1 0.5 1
1 0.14 0.19 1 0.8 0.4 0
0 0.11 0.28 0.9 0.7 0.3 0
1 0.18 0.19 0.7 0.4 0.5 0
0 0.01 0.46 0.4 0.3 0.8 1
1 0.03 0.33 0.8 0.3 0.6 0
0 0.28 0.06 0.5 0.8 0.4 1
0 0.11 0.23 0.8 0.7 0.1 1
1 0.02 0.05 0.6 0.9 0.5 0
1 0.09 0.1 0.6 0.2 0.5 0
1 0.16 0.08 0.6 0.9 0.8 0
0 0.17 0.1 1 0.7 0.1 1
1 0.11 0.27 0.9 0.9 0.3 1
1 0.21 0.14 0.6 0.8 0.6 0
1 0.1 0.14 1 0.9 0.4 0
1 0.2 0.21 0.9 0.9 0.3 1
1 0.11 0.07 0.6 0.9 0.7 0
0 0.02 0.09 0.8 0.5 0.9 1
1 0.12 0.15 0.9 1 0.4 0
0 0.2 0.1 1 0.6 0.7 0
1 0.01 0.41 1 0.7 0.7 0
0 0.05 0.1 1 0.9 0.4 1
0 0.17 0.25 0.3 0.9 0.2 1
0 0.27 0 0.8 0.7 0.4 0
0 0.02 0 0.2 0.9 0.2 1
