7.09743 0.26 0.24 1.15 0.86
17.0501 0.39 0.23 1.39 0.67
3.11246 0.6 0.85 1.12 0.9
4.11769 0.47 0.58 1.35 0.62
19.62087 0.5 0.02 1.48 0.75
34.6873 0.76 0.37 1.44 0.94
19.22783 0.58 0.1 1.16 0.78
15.46015 0.72 0.08 1.12 0.88
11.15962 0.75 0.43 1.32 0.7
9.0558 0.3 0.23 1.29 0.86
18.02001 0.7 0.16 1.46 0.72
9.92188 0.62 0.41 1.41 0.71
2.61179 0.71 0.83 1.11 0.79
28.99895 0.52 0.02 1.29 0.98
9.43384 0.78 0.44 1.38 0.89
10.27794 0.5 0.19 1.18 0.65
26.24795 0.84 0 1.48 0.64
4.55373 0.52 0.09 1.35 0.94
14.73227 0.5 0.2 1.17 0.87
13.60012 0.73 0.31 1.28 0.81
47.05787 0.8 0.12 1.12 0.75
20.79628 0.53 0.12 1.33 0.81
5.53176 0.58 0.56 1.43 0.78
8.91056 0.46 0.48 1.35 0.68
4.08823 0.3 0.57 1.25 0.68
3.71062 0.46 0.77 1.37 0.92
5.50445 0.85 0.48 1.42 0.93
4.62746 0.27 0.19 1.2 0.98
8.16636 0.57 0.35 1.18 0.99
41.7179 0.42 0.07 1.11 0.88
3.76243 0.31 0.55 1.47 0.79
28.72879 0.73 0.12 1.18 0.7
67.90207 0.84 0.03 1.43 0.87
1.36996 0.72 0.43 1.4 0.74
35.55403 0.57 0.04 1.24 0.89
12.84036 0.75 0.35 1.17 0.87
2.35769 0.41 0.64 1.15 0.76
29.96257 0.78 0.25 1.44 0.87
9.82927 0.27 0.16 1.2 0.82
5.8524 0.44 0.48 1.17 0.94
2.2186 0.26 0.6 1.27 0.92
1.45055 0.33 0.66 1.32 0.81
6.19705 0.66 0.59 1.16 0.64
14.0164 0.57 0.22 1.12 0.79
8.82033 0.46 0.43 1.31 0.67
12.7507 0.69 0.4 1.3 0.66
33.63097 0.68 0.1 1.19 0.62
20.38853 0.65 0.1 1.5 0.78
4.86542 0.42 0.5 1.2 0.86
5.74322 0.26 0.37 1.44 0.7
6.23068 0.51 0.28 1.15 0.7
19.67918 0.67 0.04 1.29 0.64
9.57004 0.8 0.14 1.2 0.84
6.00564 0.47 0.47 1.45 0.71
28.15429 0.8 0.33 1.12 0.8
24.22254 0.78 0.09 1.48 0.67
23.09752 0.58 0.06 1.24 0.92
4.27533 0.47 0.4 1.31 0.68
53.17844 0.7 0.11 1.42 0.74
21.64121 0.77 0.11 1.27 0.62
6.20378 0.74 0.44 1.17 0.65
8.31816 0.76 0.4 1.19 0.75
7.75966 0.44 0.29 1.11 0.96
1.85222 0.69 0.89 1.3 0.75
22.28181 0.64 0.05 1.36 0.85
3.44364 0.38 0.79 1.17 0.94
20.39888 0.55 0.16 1.18 0.92
9.89572 0.44 0.08 1.45 0.93
2.33073 0.7 0.7 1.17 0.81
2.08717 0.47 0.8 1.16 0.78
23.87423 0.4 0.26 1.43 0.9
14.77332 0.62 0.63 1.42 0.95
4.99466 0.48 0.65 1.43 0.82
15.07118 0.81 0.34 1.47 0.99
1.75427 0.52 0.84 1.5 0.68
14.56701 0.42 0.03 1.5 0.79
16.11256 0.76 0.1 1.24 0.61
29.14799 0.72 0.06 1.42 0.91
4.21841 0.46 0.48 1.16 0.81
1.61363 0.28 0.62 1.36 0.79
37.44214 0.8 0.06 1.23 0.66
1.86731 0.31 0.86 1.21 0.95
25.37672 0.76 0.3 1.12 0.84
19.48701 0.69 0.3 1.22 0.85
11.44914 0.53 0.1 1.13 0.92
1.97584 0.38 0.59 1.29 0.87
23.09808 0.82 0.46 1.28 0.96
13.4536 0.49 0.17 1.3 0.7
13.4847 0.83 0.56 1.13 0.99
6.62056 0.77 0.92 1.26 0.92
7.30963 0.26 0.16 1.45 0.7
70.87177 0.82 0.13 1.45 0.96
13.76558 0.63 0.31 1.15 0.95
17.34243 0.59 0.16 1.5 0.89
4.47996 0.28 0.39 1.37 0.79
39.67915 0.59 0.01 1.16 0.81
2.85849 0.4 0.36 1.13 0.88
6.76525 0.48 0.47 1.23 0.68
8.86329 0.64 0.5 1.41 0.73
15.4174 0.77 0.39 1.27 0.71
8.21823 0.43 0.15 1.29 0.82
47.61482 0.6 0.06 1.11 0.94
25.36071 0.8 0.1 1.48 0.75
15.40584 0.64 0.16 1.15 0.85
24.41593 0.75 0.5 1.38 0.78
12.6388 0.83 0.51 1.23 0.84
9.38654 0.6 0.03 1.34 0.63
12.19227 0.77 0.57 1.28 0.99
14.94726 0.76 0.32 1.14 0.98
16.61514 0.76 0.41 1.27 0.67
23.1287 0.82 0.02 1.33 0.79
4.55584 0.29 0.43 1.4 0.61
12.05704 0.83 0.57 1.49 0.83
4.24469 0.31 0.43 1.11 0.89
23.38951 0.77 0.3 1.19 0.71
21.86507 0.76 0.16 1.16 0.91
1.72125 0.31 0.66 1.21 0.77
32.73331 0.69 0.06 1.2 0.97
23.16108 0.73 0.09 1.28 1
38.78131 0.79 0.1 1.41 0.6
10.03227 0.43 0.06 1.15 0.73
10.83315 0.41 0 1.19 0.65
11.65918 0.33 0.49 1.24 0.85
0.83195 0.28 0.87 1.26 0.78
1.24434 0.38 0.51 1.12 0.64
5.63684 0.35 0.32 1.46 0.67
4.27892 0.62 0.21 1.31 0.7
1.2608 0.28 0.58 1.3 0.76
4.02242 0.79 0.75 1.32 0.94
7.77661 0.73 0.51 1.42 0.66
11.35058 0.32 0.15 1.44 0.72
6.63237 0.27 0.31 1.47 0.78
35.57655 0.59 0.08 1.17 0.73
14.52259 0.62 0.24 1.22 0.98
17.52511 0.75 0.13 1.4 0.62
4.00705 0.65 0.71 1.46 0.65
3.63852 0.5 0.55 1.25 0.75
9.29966 0.81 0.7 1.29 0.68
13.6716 0.71 0.72 1.22 0.71
9.68995 0.39 0.07 1.12 0.65
3.38703 0.46 0.33 1.24 0.63
3.76928 0.59 0.34 1.22 0.65
34.15147 0.83 0.14 1.49 0.79
14.22576 0.71 0.12 1.43 0.88
7.81286 0.44 0.33 1.47 0.75
20.06401 0.42 0.02 1.37 0.98
13.74409 0.68 0.35 1.19 0.82
4.27262 0.31 0.53 1.13 0.99
7.76143 0.58 0.48 1.24 0.81
11.47785 0.74 0.38 1.35 0.87
13.88785 0.83 0.04 1.38 0.73
14.03773 0.78 0.31 1.19 0.89
7.84285 0.51 0.07 1.23 0.72
7.28234 0.72 0.32 1.49 0.62
4.08503 0.49 0.51 1.21 0.67
5.33921 0.46 0.32 1.12 0.63
8.10658 0.6 0.34 1.36 0.79
5.99376 0.44 0.3 1.48 0.91
7.49772 0.37 0.05 1.46 0.61
9.96108 0.46 0.14 1.24 0.62
8.7136 0.55 0.25 1.17 0.61
16.65847 0.82 0.23 1.3 0.95
9.82876 0.4 0.3 1.37 0.65
9.9926 0.38 0.25 1.42 0.69
5.32551 0.63 0.54 1.21 0.76
17.71372 0.37 0.06 1.14 0.92
21.94432 0.39 0.01 1.49 0.69
1.93041 0.7 0.67 1.37 0.66
15.4112 0.75 0.08 1.25 0.77
11.36361 0.59 0.53 1.27 0.99
9.57691 0.49 0.25 1.38 0.93
2.7922 0.81 0.76 1.23 0.73
0.69909 0.32 0.78 1.24 0.64
10.86436 0.29 0.35 1.3 0.93
21.72125 0.3 0.15 1.37 1
65.01254 0.84 0.11 1.4 0.93
4.20067 0.48 0.57 1.24 0.8
7.19106 0.43 0.59 1.23 0.78
7.52497 0.62 0.4 1.11 0.72
13.97643 0.75 0.54 1.19 0.94
2.85511 0.77 0.84 1.18 0.98
12.40152 0.84 0.29 1.4 0.71
12.62697 0.62 0.38 1.38 0.64
7.35869 0.67 0.75 1.37 0.92
9.31168 0.56 0.43 1.49 0.81
8.94851 0.79 0.66 1.18 0.66
17.45669 0.84 0.21 1.44 0.65
22.09651 0.73 0.19 1.37 0.67
2.67563 0.61 0.94 1.4 0.63
11.56693 0.39 0.32 1.33 0.87
8.98252 0.63 0.48 1.22 0.67
16.23777 0.4 0.21 1.19 0.93
16.71014 0.48 0.41 1.18 0.92
2.26421 0.31 0.67 1.3 0.66
3.01539 0.78 0.36 1.36 0.96
22.20279 0.57 0.15 1.32 0.95
15.64859 0.82 0.59 1.14 0.68
4.16852 0.5 0.19 1.38 0.89
20.49001 0.76 0.01 1.22 0.73
23.96346 0.26 0.08 1.25 0.97
4.24456 0.4 0.48 1.26 0.75
30.65697 0.51 0.02 1.34 0.95
3.76624 0.51 0.45 1.21 0.7
3.55463 0.53 0.57 1.5 0.61
12.57081 0.29 0.25 1.34 0.72
40.50976 0.81 0.14 1.5 0.7
1.87483 0.41 0.53 1.27 0.62
16.01978 0.63 0.31 1.21 0.76
3.67597 0.35 0.79 1.34 0.95
6.73222 0.79 0.68 1.39 1
7.8035 0.39 0.18 1.17 0.62
5.89845 0.48 0.33 1.48 0.89
13.62372 0.43 0.23 1.33 0.67
8.03096 0.71 0.58 1.2 0.92
36.42975 0.55 0.08 1.28 0.95
7.65314 0.32 0.44 1.42 0.84
9.64838 0.43 0.03 1.13 0.86
12.28155 0.66 0.39 1.21 0.7
39.46263 0.48 0.1 1.18 0.67
5.18938 0.63 0.7 1.38 0.91
21.85588 0.55 0.1 1.42 0.73
25.03114 0.69 0.45 1.4 0.98
15.91407 0.74 0.24 1.42 0.86
1.2396 0.58 0.77 1.15 0.87
34.86873 0.75 0.05 1.48 0.98
11.56577 0.41 0.37 1.32 0.67
11.75621 0.44 0.23 1.41 0.99
6.15953 0.26 0.24 1.42 0.8
6.84241 0.58 0.74 1.25 0.76
4.1261 0.37 0.64 1.23 0.92
13.71706 0.58 0.09 1.19 0.89
20.60791 0.62 0.19 1.19 0.74
9.61223 0.31 0.23 1.17 0.65
12.31604 0.43 0.35 1.47 0.91
1.28992 0.48 0.9 1.21 0.7
17.96449 0.51 0.08 1.29 0.66
9.36305 0.56 0.14 1.34 0.61
1.67095 0.33 0.55 1.27 0.86
40.00071 0.84 0.03 1.24 0.96
11.60157 0.76 0.44 1.32 0.67
18.48909 0.44 0.05 1.47 0.95
50.17363 0.65 0.04 1.14 0.7
3.28674 0.46 0.66 1.22 0.81
68.06152 0.71 0.07 1.27 0.87
18.11435 0.77 0.29 1.42 0.74
9.57232 0.83 0.63 1.32 0.62
13.43705 0.31 0.01 1.46 0.96
20.47671 0.29 0.02 1.28 0.87
25.59808 0.54 0.16 1.13 0.8
16.49467 0.71 0 1.16 0.65
