3 0.749 0.141 1
1 0.245 0.14 0.9
1 0.718 0.017 0.9
5 0.664 0.084 0.6
1 0.625 0.128 1
0 0.276 0.117 1
0 0.581 0.19 0.9
2 0.515 0.121 0.7
1 0.643 0.032 0.9
4 0.913 0.029 0.9
1 0.658 0.018 0.7
4 0.538 0.299 0.8
3 0.283 0.339 0.7
0 0.46 0.436 0.9
2 0.478 0.358 0.8
5 0.743 0.078 0.8
2 0.414 0.065 0.6
5 0.638 0.176 0.6
1 0.549 0.544 1
2 0.594 0.407 1
3 0.319 0.345 0.9
1 0.248 0.031 1
1 0.293 0.204 0.7
1 0.668 0.234 0.8
4 0.553 0.481 0.8
1 0.366 0.129 0.8
4 0.861 0.32 0.9
4 0.773 0.01 0.9
2 0.324 0.588 0.9
1 0.192 0.03 0.9
2 0.644 0.146 0.7
2 0.242 0.016 0.9
0 0.639 0.021 1
11 0.542 0.043 0.2
0 0.578 0.051 1
7 0.601 0.378 0.5
27 0.583 0.38 0.2
6 0.623 0.122 0.3
1 0.702 0.089 0.9
2 0.324 0.137 0.9
2 0.574 0.009 0.8
0 0.433 0.026 0.9
2 0.577 0.073 1
1 0.304 0.312 0.9
2 0.418 0.01 0.6
0 0.486 0.041 0.9
0 0.435 0.201 0.6
4 0.468 0.244 1
20 0.699 0.503 0.5
0 0.206 0.515 1
0 0.296 0.068 0.9
2 0.715 0.296 0.8
0 0.491 0.108 0.8
4 0.631 0.155 0.9
0 0.372 0.022 0.7
1 0.703 0.122 1
4 0.31 0.267 0.5
4 0.487 0.085 0.9
6 0.909 0.131 0.9
7 0.481 0.101 0.6
1 0.538 0.03 1
3 0.522 0.325 0.9
1 0.618 0.03 0.9
0 0.226 0.138 1
2 0.609 0.166 0.8
10 0.579 0.356 0.5
0 0.413 0.065 0.9
3 0.447 0.55 0.9
2 0.557 0.344 0.7
2 0.689 0.121 0.7
0 0.584 0.171 1
0 0.505 0.183 0.9
3 0.338 0.216 0.5
0 0.424 0.103 1
1 0.467 0.009 0.9
3 0.234 0.292 0.8
1 0.546 0.273 0.9
3 0.446 0.284 0.9
6 0.563 0.168 0.6
3 0.554 0.037 0.8
4 0.644 0.33 0.7
41 0.67 0.546 0.2
1 0.464 0.011 0.9
2 0.517 0.245 0.6
6 0.425 0.192 0.5
0 0.607 0.012 1
0 0.4 0.203 1
0 0.233 0.277 1
3 0.799 0.151 0.7
1 0.553 0.231 0.9
3 0.484 0.17 0.7
2 0.296 0.114 0.8
3 0.598 0.315 0.9
3 0.411 0.061 0.8
1 0.457 0.001 0.8
2 0.514 0.172 0.9
0 0.358 0.027 1
3 0.358 0.332 0.6
3 0.422 0.11 0.7
2 0.194 0.11 0.9
0 0.244 0.277 0.8
8 0.85 0.135 0.5
3 0.478 0.156 0.6
1 0.438 0.053 0.9
2 0.28 0.131 0.4
0 0.875 0.022 1
9 0.47 0.159 0.3
1 0.653 0.22 0.9
2 0.222 0.184 0.9
6 0.359 0.565 0.6
1 0.407 0.005 0.8
2 0.525 0.143 0.7
3 0.301 0.313 0.9
1 0.668 0.038 0.6
1 0.39 0.108 0.9
3 0.753 0.318 0.9
6 0.598 0.711 0.7
0 0.491 0.155 0.9
0 0.604 0.079 1
1 0.771 0.242 1
0 0.593 0.035 0.9
4 0.466 0.037 0.8
1 0.38 0.127 0.8
3 0.687 0.027 0.6
1 0.248 0.095 1
1 0.299 0.595 1
1 0.385 0.133 0.8
2 0.449 0.302 0.7
1 0.439 0.083 0.9
1 0.271 0.153 0.9
4 0.621 0.121 0.6
5 0.386 0.492 0.8
2 0.42 0.188 0.8
1 0.53 0.578 0.8
2 0.304 0.124 0.7
1 0.686 0.003 1
1 0.379 0.311 1
7 0.633 0.595 0.9
1 0.486 0.034 1
4 0.516 0.172 0.7
1 0.657 0.111 1
4 0.582 0.002 0.7
1 0.598 0.217 1
2 0.595 0.262 0.8
0 0.603 0.006 0.9
0 0.159 0.19 0.9
3 0.597 0.207 0.9
6 0.763 0.163 0.6
2 0.422 0.071 0.9
1 0.311 0.492 1
7 0.496 0.324 0.6
2 0.543 0.309 0.8
2 0.372 0.094 0.9
2 0.328 0.05 0.9
2 0.611 0.297 0.8
3 0.354 0.278 0.5
2 0.375 0.443 1
2 0.371 0.009 0.5
1 0.647 0.007 0.9
9 0.548 0.035 0.3
2 0.714 0.051 0.3
7 0.197 0.428 0.6
2 0.543 0.28 0.9
7 0.309 0.695 0.7
3 0.564 0.23 0.6
4 0.647 0.315 1
0 0.42 0.006 1
3 0.672 0.265 0.8
6 0.229 0.319 0.6
0 0.614 0.148 1
2 0.525 0.024 0.8
1 0.595 0.175 0.9
3 0.52 0.242 0.8
2 0.809 0.224 1
4 0.493 0.423 0.8
3 0.165 0.167 0.7
0 0.426 0.247 1
1 0.33 0.011 0.9
2 0.489 0.292 0.9
3 0.47 0.03 0.9
0 0.434 0.258 1
1 0.478 0.075 0.8
3 0.476 0.5 0.7
1 0.587 0.096 1
0 0.735 0.285 1
7 0.697 0.09 0.6
3 0.673 0.096 0.8
10 0.447 0.111 0.3
8 0.489 0.571 1
1 0.495 0.26 0.9
1 0.292 0.043 0.8
4 0.409 0.086 0.5
1 0.323 0.422 1
2 0.47 0.222 0.8
1 0.574 0.124 0.9
6 0.348 0.362 0.9
0 0.66 0.197 1
5 0.319 0.472 0.6
6 0.194 0.513 0.9
4 0.694 0.039 0.6
10 0.768 0.376 0.7
2 0.599 0.296 1
5 0.372 0.204 0.5
0 0.454 0.066 0.8
1 0.54 0.205 1
2 0.397 0.301 0.8
2 0.466 0.019 0.7
3 0.588 0.2 0.9
0 0.251 0.315 0.9
0 0.246 0.019 1
0 0.469 0.178 1
0 0.429 0.056 0.8
0 0.6 0.147 0.7
1 0.356 0.177 0.9
2 0.464 0.011 0.6
2 0.607 0.168 0.6
0 0.452 0.047 1
1 0.477 0.406 0.8
2 0.532 0.212 0.8
2 0.396 0.391 0.9
1 0.138 0.007 0.7
1 0.622 0.245 0.7
8 0.37 0.053 0.4
1 0.323 0.104 0.8
3 0.772 0.067 0.5
0 0.583 0.018 0.9
0 0.366 0.139 0.8
4 0.693 0.235 0.9
1 0.34 0.075 0.6
1 0.326 0.221 0.9
0 0.589 0.03 0.6
0 0.274 0.203 0.9
1 0.464 0.017 0.9
6 0.549 0.104 0.6
3 0.54 0.006 0.7
2 0.662 0.062 0.9
0 0.472 0.017 1
1 0.638 0.052 1
6 0.664 0.194 0.7
0 0.19 0.136 0.9
3 0.273 0.179 0.9
7 0.247 0.267 0.4
1 0.691 0.185 0.9
0 0.318 0.206 0.9
2 0.647 0.213 0.9
1 0.393 0.432 0.9
1 0.806 0.05 0.9
12 0.444 0.547 0.6
2 0.247 0.286 0.9
1 0.533 0.015 1
1 0.577 0.056 0.8
6 0.788 0.381 0.8
0 0.629 0.141 0.7
0 0.201 0.1 0.9
2 0.664 0.17 0.7
0 0.476 0.118 1
7 0.716 0.039 0.5
0 0.509 0.131 0.9
0 0.164 0.172 0.9
1 0.339 0.282 0.8
0 0.144 0.436 0.9
2 0.109 0.184 0.8
3 0.717 0.069 0.4
1 0.352 0.178 0.9
3 0.311 0.166 1
0 0.546 0.288 0.8
1 0.456 0.005 1
5 0.553 0.139 0.7
7 0.65 0.118 0.6
1 0.395 0.129 0.9
0 0.186 0.011 1
3 0.357 0.103 0.6
1 0.609 0.23 0.9
0 0.454 0.073 1
1 0.577 0.046 0.7
0 0.215 0.38 0.8
4 0.828 0.084 0.9
0 0.334 0.313 0.7
1 0.431 0.257 0.9
1 0.554 0.174 0.9
1 0.632 0.015 0.9
6 0.568 0.496 0.9
11 0.59 0.494 0.7
1 0.454 0.05 0.9
1 0.54 0.022 0.7
2 0.424 0.372 1
0 0.337 0.233 1
1 0.44 0.003 0.7
3 0.818 0.282 0.8
2 0.756 0.378 0.8
2 0.674 0.004 1
5 0.852 0.056 0.9
5 0.641 0.129 0.6
3 0.38 0.366 0.9
4 0.501 0.297 0.9
1 0.733 0.239 0.8
3 0.504 0.309 0.7
3 0.61 0.307 1
0 0.394 0.067 1
0 0.299 0.041 0.9
